# AccuRT configuration file for the user_specified material #
PROFILE_LABEL = layer_numbering #
MATERIAL_PROFILE = 1 1  2 1   #
TURN_OFF_DELTA_FIT = true #

WAVELENGTHS = 510 #

CHECK_FORMAT = false#

REFRACTIVE_INDICES = 1.34223444228 #

A_1_1 = 0.0116544703941 #
S_1_1 = 0.106550876315 #
P_1_1 = 1 0.913879748814 0.83419104593 0.751843055639 0.677247489744 0.609342202206 0.547230255427 0.490609570933 0.43892441644 0.391816075449 0.348940015219 0.309735783156 0.274035151594 0.24153744111 0.21188901462 0.184913593848 0.160348203982 0.138039030441 0.117878352002 0.0996559093926 0.0833391123471 0.0688103527253 0.05598028993 0.044779980887 0.0350648683671 0.0267510978771 0.0197614078945 0.0140077656849 0.0094703837983 0.00599570133045 0.00347070743693 0.00176740664487 0.000713668114107 0.000185194118684  #

A_2_1 = 0.128496622664 #
S_2_1 = 1.1986348578 #
P_2_1 = 1 0.931023988022 0.86007242392 0.784529912106 0.713275548435 0.646515148757 0.584063753779 0.526011257593 0.472159225226 0.422390046247 0.376541910424 0.334254413591 0.295439778832 0.259891372349 0.227342303504 0.197650761051 0.170602344414 0.146062807504 0.123927430666 0.10401213358 0.0862641226129 0.0705651737845 0.0568122588666 0.0449136899271 0.0347141661778 0.0261031589586 0.0189735650324 0.0132106863013 0.00874650762112 0.00540738737246 0.00304524142357 0.00150109300042 0.000583747498502 0.000143788082171  #

