# AccuRT configuration file for the user_specified material #
PROFILE_LABEL = layer_numbering #
MATERIAL_PROFILE = 1 1  2 1   #
TURN_OFF_DELTA_FIT = true #

WAVELENGTHS = 510 #

CHECK_FORMAT = false#

REFRACTIVE_INDICES = 1.34223444228 #

A_1_1 = 0.0116544768987 #
S_1_1 = 0.106489330086 #
P_1_1 = 1 0.913890628448 0.834207224052 0.75186334723 0.677269745553 0.609365091292 0.547252882383 0.490631281697 0.438944775141 0.391834793629 0.348956914389 0.309750803886 0.274048281592 0.241548723183 0.211898541375 0.184921477273 0.160354583545 0.138044056723 0.117882176693 0.0996586996961 0.0833410234542 0.0688115401001 0.0559809012391 0.0447801511002 0.0350647263623 0.026750757487 0.0197609657076 0.0140073033045 0.00946995444716 0.00599534641085 0.00347044686054 0.001767241253 0.000713586129456 0.00018516742864  #

A_2_1 = 0.128496622664 #
S_2_1 = 1.1986348578 #
P_2_1 = 1 0.931023988022 0.86007242392 0.784529912106 0.713275548435 0.646515148757 0.584063753779 0.526011257593 0.472159225226 0.422390046247 0.376541910424 0.334254413591 0.295439778832 0.259891372349 0.227342303504 0.197650761051 0.170602344414 0.146062807504 0.123927430666 0.10401213358 0.0862641226129 0.0705651737845 0.0568122588666 0.0449136899271 0.0347141661778 0.0261031589586 0.0189735650324 0.0132106863013 0.00874650762112 0.00540738737246 0.00304524142357 0.00150109300042 0.000583747498502 0.000143788082171  #

